0.000016 9656
0.000575 84493
0.000036 20894
0.000268 254431
0.001029 103436
0.001058 94799
1.914864 445271
0.000444 44949
0.024003 304125
0.000032 2964
0.000173 33512
0.000120 46511
0.000291 62976
0.000317 59376
0.000065 16211
0.052228 463917
0.071960 498848
0.000057 14406
0.732327 340718
0.006357 428679
0.000122 19580
1.890058 498442
0.000107 21953
0.000019 15459
0.399206 411788
0.000081 23256
0.004617 303555
0.000735 74845
0.000066 19993
0.002927 117725
3.338199 397853
2.732710 573436
0.000050 26575
0.001737 108758
0.000099 21744
0.017600 153942
0.000097 31856
0.000397 59376
0.000908 95969
1.587676 478443
0.000591 74845
0.000060 31673
0.005607 299825
0.000083 47077
0.076908 272318
0.010551 154584
0.000360 170091
0.042388 438845
7.478605 485044
0.000617 74837
0.000066 15870
0.001757 259998
0.001150 93780
0.001174 85143
2.343731 440247
0.001518 50250
0.031071 299101
0.000013 6692
0.000307 38936
0.001301 51877
0.000124 53320
0.001219 54352
0.000014 22539
0.099981 458893
0.519396 470290
0.000009 4750
2.162714 335694
0.010801 434246
0.000131 22670
4.940865 493418
0.000017 12297
0.000092 18450
0.344841 406764
0.000221 28697
0.008820 309122
0.000628 65189
0.000010 10337
0.002428 108069
4.312106 392829
3.582987 568412
0.000106 30973
0.013805 97515
0.000042 16720
0.018999 144286
0.000086 42219
0.000769 54352
0.000523 86313
1.277006 468787
0.000607 65189
0.000335 37589
0.013331 294801
0.000596 59715
0.095913 267294
0.011979 144928
0.001400 175658
0.088805 444412
6.922439 480312
0.001394 90707
0.002418 289806
0.000038 19234
0.000014 10597
6.615183 504844
0.000327 56931
0.137674 373938
0.003062 81529
0.001339 79614
0.000088 32898
0.001001 57683
0.009333 129189
0.001505 97376
6.937386 533473
0.040467 491765
0.000826 70087
0.172354 358290
0.001883 390582
0.000768 69014
0.667557 501590
0.001163 67000
0.001539 67792
4.156929 481601
0.000747 78039
0.000474 265458
0.000034 10784
0.000814 65040
0.000243 35890
8.536574 477425
6.685238 641402
0.001447 89789
0.000114 65902
0.001404 91557
0.053053 170688
0.003767 110337
0.010512 129189
0.000115 20213
3.624428 495189
0.000011 10784
0.000117 56606
0.256721 369638
0.005726 134552
0.325311 342131
0.001935 72749
0.001894 205466
0.016069 400748
6.588026 483618
0.002550 275868
0.001512 109650
0.001641 101013
1.132306 428675
0.001388 66120
0.017889 287529
0.000080 17931
0.000323 54806
0.001614 67747
0.000416 69190
0.000347 42780
0.000116 38409
0.041109 447321
1.599914 486160
0.000041 20620
1.397884 324122
0.014941 450116
0.000539 38540
2.839663 481846
0.000050 28167
0.000228 34320
0.169393 395192
0.000532 44567
0.013460 324992
0.000972 81059
0.000051 26207
0.002925 123939
2.241018 381257
1.975823 556840
0.000318 46843
0.017742 113385
0.000004 850
0.010594 160156
0.000020 31531
0.000337 42780
0.000871 102183
0.894857 484657
0.000985 81059
0.000779 53459
0.009604 283229
0.000227 48143
0.065689 255722
0.014401 160798
0.002141 191528
0.199719 460282
6.888170 487431
0.004515 312175
0.004703 303538
6.260443 626138
0.000494 240603
0.025806 493916
0.001438 257395
0.000303 220994
0.001030 262139
0.002380 293184
0.001514 285582
0.000439 238246
0.565165 641556
0.004998 318170
0.001225 255248
0.000268 158071
0.218385 436795
0.000531 239329
0.032767 315795
0.001249 252161
0.000384 241548
0.017617 519699
0.000326 231739
0.004322 256444
0.001363 279382
0.000889 250201
0.006344 318769
4.391005 569708
6.418764 722173
0.000397 227542
0.015885 246651
0.002807 276718
0.145960 384150
0.000845 251717
0.001145 285582
0.004074 313154
6.911351 684888
0.001248 279382
0.000482 255813
0.000387 207267
0.001688 274141
0.026741 449960
0.022502 355628
0.000169 101687
0.015201 354991
6.860319 649039
0.000064 8414
6.837937 523668
0.001156 79300
0.171845 392881
0.003594 100472
0.002420 101983
0.000242 51841
0.000215 57110
0.009786 148132
0.001886 116319
8.095695 552416
0.306985 479781
0.000958 89030
0.287555 380659
0.006267 398519
0.001021 87957
1.249663 502200
0.001554 85943
0.001673 86735
6.275822 501532
0.001096 96982
0.002861 287599
0.000092 29727
0.000967 83983
0.000179 36343
8.503405 483729
6.901224 659312
0.001892 108732
0.000945 88043
0.001647 110500
0.045361 170115
0.005887 132706
0.009625 148132
0.000026 19640
4.554173 494616
0.000064 29727
0.000341 75549
0.260667 388581
0.006133 153495
0.353766 361074
0.000064 45688
0.003907 227835
0.035567 422889
6.929834 425373
6.817120 514259
0.000734 70663
0.149641 384244
0.002685 91835
0.002016 93346
0.000053 43204
0.000303 51575
0.009443 139495
0.001526 107682
7.550877 543779
0.260437 471144
0.000921 80393
0.244016 372022
0.015377 424444
0.000784 79320
1.046434 502148
0.001122 77306
0.001182 78098
5.565595 491907
0.000804 88345
0.002079 278962
0.000042 21090
0.000816 75346
0.000428 42051
9.157712 476416
6.987680 651999
0.001350 100095
0.000563 79406
0.001359 101863
0.056303 164580
0.005295 124069
0.009280 139495
0.000020 14105
3.011810 489081
0.000024 21090
0.000153 66912
0.260713 379944
0.005617 144858
0.351915 352437
0.000601 78910
0.002732 219198
0.029429 414252
6.895706 430833
0.130199 477177
0.001597 165668
0.132185 442308
0.044434 451406
0.438958 492124
0.415951 493567
0.098231 395180
0.143403 449706
0.000179 104037
6.798949 806756
0.039896 444997
0.018422 486167
1.664931 779475
0.152021 462917
0.002508 388928
0.059845 452544
0.093529 458697
0.000247 118227
0.288955 468944
0.237174 691060
0.922249 498331
0.045738 450584
2.335743 539496
0.000094 24408
0.005816 260750
0.095958 454777
0.441411 509195
0.064251 427775
0.003859 447268
0.145096 434667
0.091277 395180
1.331405 518167
0.318284 618125
0.925166 498331
0.210242 477836
0.008787 466644
0.181316 417811
0.002031 206567
6.568711 550250
2.181480 523341
6.511637 789852
3.852482 696399
0.130070 349351
0.000411 56942
0.000042 30411
0.000109 20304
0.000058 67870
0.001608 94999
0.000028 29284
0.249256 501607
0.040943 478501
0.000097 45500
0.068780 309087
0.000836 377318
0.000041 25369
0.196939 466811
0.000127 42413
0.000087 29529
0.013789 411213
0.000052 21804
0.000449 252194
0.000305 46507
0.000104 40453
0.003264 85894
1.850095 429759
6.673468 618862
0.000043 23917
0.000062 52638
0.000208 66970
0.049239 174402
0.000496 61134
0.001722 94999
0.001822 80279
6.383153 498903
0.000289 46507
0.000012 15172
0.171075 306017
0.001257 83558
0.043388 304224
0.012708 122753
0.000173 156263
0.016486 387484
6.763692 477980
0.010543 301162
0.009926 322409
0.026980 350978
0.037126 367841
0.004420 270636
0.045112 321640
0.000137 169507
6.687491 714184
0.004791 303851
1.658015 421426
6.004423 710871
0.012069 321771
0.056689 529126
0.008707 311398
0.009137 317551
0.005118 270870
0.020216 327798
4.555655 574955
0.039507 364290
0.005723 309438
0.062121 407170
0.002311 177051
0.000211 272157
0.046437 330074
0.229167 393090
0.005421 286629
0.000411 291315
0.039030 305670
0.004074 270636
0.026507 390596
0.008438 515724
0.039106 364290
0.022831 336690
0.007298 380533
0.035026 283249
0.000561 114249
6.433181 439392
0.094674 407236
6.552277 709850
0.123245 540446
0.000110 36431
0.000514 58569
0.000095 60012
0.000584 56413
0.000017 19175
0.050622 460954
0.077753 467687
0.000012 11442
2.062120 337755
0.005666 431643
0.000090 29362
4.292991 495479
0.000024 18989
0.000055 25142
0.218113 408825
0.000109 26175
0.004264 306519
0.000482 71881
0.000017 17029
0.001851 114761
2.730299 394890
2.260433 570473
0.000062 29494
0.001789 111722
0.000030 18781
0.013651 150978
0.000032 34820
0.000486 56413
0.000596 93005
1.133505 475479
0.000496 71881
0.000201 44281
0.009936 296862
0.000313 61776
0.075204 269355
0.009598 151620
0.000226 173055
0.040978 441809
6.879486 482372
0.000644 51947
0.000140 73343
0.000452 69228
0.000026 17469
0.050561 475836
0.014325 465411
0.000048 34186
0.070591 289478
0.004255 395242
0.000062 24298
0.195918 447202
0.000062 32320
0.000054 26517
0.003016 385442
0.000025 16708
0.003242 270118
0.001037 69190
0.000042 30360
0.004482 108577
0.702099 403988
6.655653 607300
0.000008 6937
0.000228 75321
0.000188 55656
0.011764 164309
0.000175 35363
0.000441 69228
0.002431 102962
0.938274 488810
0.001340 69190
0.000093 37471
0.167563 280246
0.000691 57787
0.019653 278453
0.016813 145436
0.000164 136654
0.029311 405408
6.869447 494108
0.000173 48439
0.003820 106229
0.000067 46551
0.615889 510513
0.039036 471501
0.000058 47127
0.074226 330623
0.001277 370318
0.000032 28814
0.211717 488347
0.000092 44040
0.000056 31052
1.432764 432749
0.000037 31719
0.000684 245194
0.000150 22474
0.000065 42080
0.000284 62328
8.474507 445202
6.636438 620836
0.000255 58495
0.000125 45638
0.000139 68597
0.219425 176029
0.001755 82670
0.003654 106229
0.000417 52820
3.553786 500530
0.000149 22474
0.000032 14838
0.171181 327553
0.003234 105094
0.139633 319171
0.003370 99187
0.000397 177799
0.016460 380484
6.724089 502077
0.001597 107672
0.000468 75859
3.373012 511956
0.146871 486281
0.000227 48570
2.652065 361668
0.001816 419223
0.000306 55856
6.547749 497839
0.000226 41023
0.000269 51636
1.163353 460084
0.000460 61883
0.001629 294099
0.000065 39425
0.000229 42983
0.001998 89137
8.490544 455182
6.607142 623526
0.000414 69279
0.000585 94543
0.000840 70040
0.012693 127720
0.001300 95539
0.001471 107672
0.000050 37470
1.211196 452221
0.000067 39425
0.000108 53861
0.184562 348121
0.001742 113035
0.230219 320614
0.001427 89366
0.002178 208844
0.027317 429389
6.882482 469380
0.000035 43955
0.018787 430428
0.194030 495874
0.000166 59102
0.011107 281124
0.010069 459830
0.000721 77022
0.024622 438848
0.000297 66649
0.000687 72802
0.017888 361697
0.000307 83049
0.007968 334706
0.005852 119541
0.000322 64689
0.011364 162421
0.317932 347762
1.481325 539947
0.000219 72599
0.004109 139909
0.000067 41880
0.038736 198417
0.000042 32900
0.003466 140665
0.163136 501652
0.005956 119541
0.002545 91941
0.001002 240231
0.000008 12867
0.012565 222227
0.046302 199280
0.001181 201242
0.083847 469996
6.860351 512927
0.068564 474136
0.022355 482663
0.000027 27289
0.072442 306730
0.004291 412494
0.000067 23949
0.200148 464454
0.000151 34836
0.000054 26168
0.008457 383742
0.000020 16047
0.003223 287370
0.000916 87728
0.000116 32876
0.002596 130608
0.851444 402288
6.645899 589659
0.000015 10532
0.001172 92573
0.000078 39259
0.019649 166825
0.000026 19212
0.000044 43955
0.001622 108852
2.056649 491326
0.000904 87728
0.000042 37122
0.002814 278546
0.000030 38261
0.022748 276753
0.010546 167467
0.000180 153906
0.028705 422660
6.857586 501749
6.708816 850808
0.010889 463643
0.208789 527064
0.328575 846321
0.023539 481563
0.004805 479940
0.015732 471190
0.017646 477343
0.000995 209239
0.057487 487590
0.254069 721197
0.495544 523825
0.011967 469230
0.753978 566278
0.000315 115420
0.000467 197397
0.048848 479207
0.299385 540730
0.014024 446421
0.001410 451107
0.031212 459097
0.017381 430428
0.431960 550388
0.133731 621964
0.500159 523825
0.050062 496482
0.176506 557655
0.086644 442241
0.000264 194961
6.401124 593831
0.131513 554876
6.475724 840456
1.535311 700238
0.018034 499665
0.004304 425196
0.047988 421894
0.008790 483746
0.165873 500124
0.024364 496578
0.008222 485965
6.625713 704323
0.005543 476156
0.000630 251785
0.016884 481341
0.019137 494618
0.036009 486375
8.646818 766860
6.327876 964227
0.004482 471959
0.021455 429490
0.045942 487010
6.404813 593810
0.006779 496134
0.009080 495874
0.039139 480760
6.793861 865578
0.017250 481341
0.021341 488084
0.008001 474392
0.008161 484433
0.303621 677113
0.188307 523234
0.030209 401382
0.000167 130981
6.507318 800835
0.372217 340444
0.006108 429496
0.000037 17920
0.889730 498168
0.000011 7547
0.000020 13700
0.373605 411514
0.000040 23947
0.005134 304372
0.000435 60439
0.000006 5587
0.001806 103319
4.820389 397579
4.045150 573162
0.000026 26223
0.009005 92765
0.000047 21470
0.008450 139536
0.000249 46969
0.000652 59102
0.000256 81563
1.017869 464037
0.000535 60439
0.000298 32839
0.179644 299551
0.000814 64465
0.100295 272044
0.008814 140178
0.000850 170908
0.053175 439662
6.918322 495129
0.124746 511046
0.006816 307813
0.000107 175824
0.017368 320645
0.010572 310032
0.007654 379728
0.005537 300223
0.040578 371145
0.019152 347866
0.012421 318685
0.029840 387253
0.023339 473490
2.334205 648992
0.005434 296026
0.024242 315135
0.008024 323222
0.124335 440676
0.002265 304400
0.001470 281124
0.073344 381638
0.368893 601097
0.019294 347866
0.007581 324297
0.000031 67296
0.002094 287544
0.005086 377470
0.084317 424112
0.000828 162996
0.038295 469692
3.557382 679371
0.002714 413577
0.659620 657182
0.013635 426409
0.003542 415796
6.490317 765940
0.002594 405987
0.001654 163871
0.001877 380158
0.010285 424449
0.002350 382393
8.539042 756577
6.857178 941888
0.003161 401790
0.000955 328307
0.021386 450966
6.964126 515667
0.003879 425965
0.007607 459830
0.089698 434060
7.002635 819988
0.001844 380158
0.002187 386901
7.427905 566677
0.006219 448389
1.827941 650336
0.005212 387825
0.012504 361183
0.013348 328853
0.075680 709998
0.219658 465537
0.000049 14833
0.000007 4220
0.613890 429434
0.000014 8406
0.003147 288453
0.000907 59366
0.000047 12873
0.001995 102246
9.215872 419128
7.152574 592589
0.000018 19778
0.000767 74160
0.000109 39390
0.013350 146822
0.000066 42310
0.000835 77022
0.000620 80490
1.020310 471323
0.000652 59366
0.000028 17885
0.176396 317471
0.000830 82385
0.146006 289964
0.008196 139105
0.000707 154989
0.034899 423743
7.036596 502006
0.031010 478369
0.016083 467756
0.000634 282489
0.010564 457947
0.380189 517281
0.028964 491166
0.022360 476409
0.073471 505791
0.003970 376251
0.836891 636653
0.010739 453750
0.047297 472859
0.021030 480946
6.712238 542015
0.014370 462124
0.008721 438848
0.126533 500176
0.191768 738758
0.027924 491166
0.014475 482021
0.000127 156301
0.012470 445268
0.004066 450194
0.481145 542650
0.066629 320720
5.272435 615828
6.694163 759726
0.000016 10613
0.385791 419061
0.000052 20860
0.005664 301285
0.000353 57352
0.000005 1960
0.001591 100232
4.351487 405126
3.723419 580709
0.000035 28256
0.007713 89678
0.000068 29017
0.007774 131989
0.000228 54516
0.000909 66649
0.000604 78476
0.829050 456490
0.000337 57352
0.000155 29752
0.182141 307098
0.000771 72012
0.106140 279591
0.064325 137091
0.000596 167821
0.055259 436575
7.178650 487582
0.697704 425214
0.000010 10247
0.003018 290672
0.000523 58144
0.000011 8653
0.001995 101024
3.741141 411279
3.012825 586862
0.000036 21997
0.001017 78299
0.000067 35170
0.008507 142602
0.000066 44529
0.000950 72802
0.000278 79268
0.832408 467103
0.000536 58144
0.000024 16214
0.186471 313251
0.001265 78165
0.100121 285744
0.009666 137883
0.000370 157208
0.037091 425962
7.160068 498195
0.019716 402349
0.022369 636858
0.157391 471953
0.013631 417101
0.247272 491995
0.000461 105550
0.046056 365952
0.002490 388813
0.005340 456123
0.016535 394292
0.036438 469907
0.008746 368703
0.019237 361697
0.657845 493077
6.352179 636644
0.158698 471953
0.080069 444353
0.003180 360205
0.007672 351847
0.000602 179493
6.618498 529906
0.040453 469139
6.685344 737085
6.745576 691094
0.003046 280863
0.001154 68391
0.000038 18900
0.002886 111271
8.578223 420689
6.680364 596403
0.000012 11876
0.000524 86066
0.000133 45417
0.011771 152849
0.000060 34408
0.000263 83049
0.001630 89515
0.922065 477350
0.001005 68391
0.000052 22290
0.163602 297153
0.000546 74694
0.137609 295991
0.012189 148130
0.000293 147399
0.038296 416153
6.842084 505674
0.002149 255034
0.011594 299325
0.006765 294193
9.028701 685534
7.071677 838827
0.003085 276666
0.001600 203183
0.026549 325842
2.636556 433274
0.005333 300841
0.009060 334706
0.009018 288578
6.806985 699311
0.002127 255034
0.002703 261777
0.097268 420341
0.006184 323265
1.718499 525212
0.008785 322384
0.002386 233051
0.000407 158744
6.482468 634619
0.000695 55392
0.000137 44016
8.507473 465994
6.630040 629971
0.001274 80141
0.000107 55478
0.001275 81909
0.039109 165053
0.003020 99913
0.008552 119541
0.000044 30706
1.220333 489554
0.000085 46958
0.249532 359990
0.004974 124904
0.368152 332483
0.002091 80875
0.001989 195042
0.016706 390324
6.677537 491380
0.001449 98272
4.107978 403166
3.534363 578749
0.000033 26296
0.007337 87718
0.000066 27057
0.007197 133949
0.000234 52556
0.000813 64689
0.000376 76516
0.786127 458450
0.000332 55392
0.000120 27792
0.173893 305138
0.000711 70052
0.101218 277631
0.008430 135131
0.000569 165861
0.053412 434615
6.857953 489542
8.476005 498121
6.606856 673704
0.002764 115125
0.000559 94637
0.004606 124789
0.462855 202142
0.005115 139300
0.010369 162421
0.000881 51667
6.906292 514519
0.000471 44016
0.000989 89838
0.191728 402870
0.008581 167784
1.018351 375363
0.000056 36859
0.001183 234429
0.026125 429483
6.548478 472329
0.006433 272133
0.030624 407359
0.052930 474669
0.024267 380357
0.001459 395255
0.052336 387249
0.018175 347762
0.184143 479142
0.132881 566112
0.153205 458018
0.087885 430418
0.013314 453966
0.058895 370393
0.000083 122758
6.531499 526614
0.089586 488815
6.461909 765346
1.422189 644386
1.705482 595348
2.050640 662658
0.082315 555940
0.002939 560883
3.232833 566706
0.097973 539947
0.781900 660164
0.080760 716759
0.545907 633601
0.213637 606001
6.834035 645943
0.266742 552560
0.016317 351674
6.349599 695007
4.970622 676804
6.301853 932561
6.427788 731624
0.000840 81869
0.000100 47693
0.014259 160245
0.000028 26425
0.000247 72599
0.001342 101265
1.039208 484746
0.000815 80141
0.000040 32951
0.165709 283617
0.000319 61158
0.030698 281824
0.010698 151984
0.000394 143202
0.032448 411956
6.828663 513963
0.002200 114235
0.259318 220171
0.000572 106044
0.004617 139909
0.000543 89022
6.861704 542006
0.000145 55478
0.000215 62221
0.051886 303897
0.002942 128468
0.043775 349134
0.005630 131496
0.000991 162311
0.015215 338473
6.617721 497564
0.010501 161006
0.000017 30762
0.000299 41880
0.000787 103033
0.862680 485507
0.001080 81909
0.000880 54309
0.008951 282329
0.000229 47243
0.064766 254822
0.016368 161648
0.001733 192378
0.174915 461132
7.290006 488281
0.024319 186505
0.005471 198417
0.024242 150475
0.010543 348157
0.023017 165053
0.010145 161741
0.015388 399783
0.024266 211030
0.002488 300739
0.002637 167401
0.018497 299810
6.376767 531255
0.134716 330966
0.000039 32900
0.003337 133685
6.918226 511006
0.002169 99913
0.000158 55483
0.002085 263507
0.000026 22719
0.015014 261714
0.021032 176159
0.000307 167377
0.031251 436131
7.301083 501263
0.003392 140665
0.166321 501652
0.006740 119541
0.002286 91941
0.000765 240231
0.000008 12867
0.012371 222227
0.047109 199280
0.001150 201242
0.085573 469996
7.290582 512927
2.537266 474976
0.000142 30706
0.000305 68082
0.283585 381114
0.006247 146028
3.280258 353607
0.000263 51896
0.003127 228814
0.038702 423868
6.969700 462624
0.021957 489554
0.052719 486242
0.002126 602206
0.009362 514265
0.004470 525148
6.724699 494798
0.129279 624311
6.548393 822946
0.001755 263639
0.000103 46958
0.250407 359990
0.004852 124904
0.365802 332483
0.001976 80875
0.002065 195042
0.016071 390324
6.661232 491380
0.181540 332390
0.001346 97304
0.122175 304883
0.004109 126697
0.000924 171473
0.028547 397067
6.704395 506583
0.000722 246651
0.002208 336577
0.241404 439729
0.007121 212192
0.189082 518888
0.877862 680480
0.004150 244858
0.041393 204643
0.000925 189801
0.039049 458555
6.833779 451113
0.474806 412222
0.006560 363280
0.189779 660502
6.750144 561589
0.007386 271288
0.271379 466342
0.227107 428194
0.067740 366170
6.757561 565358
6.487242 761200
